0
1079
1277
525
1103
1048
988
579
387
408
628
983
7293
943
1034
935
870
983
859
872
909
750
783
811
833
809
835
797
847
796
822
772
736
759
786
748
772
711
747
698
736
698
673
697
723
686
622
685
662
660
611
685
648
672
648
648
635
672
598
673
635
661
624
598
635
685
611
623
610
635
660
611
635
660
598
636
648
648
611
611
598
648
635
622
648
623
623
610
598
624
623
623
624
634
636
623
610
610
599
624
648
648
617
625
610
647
610
610
599
611
636
636
598
611
598
611
600
622
611
636
599
649
611
623
612
647
600
610
598
623
598
611
636
586
623
648
586
611
635
597
598
611
598
636
599
586
598
610
598
611
598
611
597
623
610
586
598
599
623
611
586
598
624
611
611
611
611
598
598
611
611
598
586
598
599
611
557
611
598
585
611
561
622
623
623
548
561
625
609
586
610
588
597
598
598
600
585
598
611
600
559
598
598
585
611
635
561
548
586
573
599
562
575
586
597
584
623
574
586
561
597
586
586
573
598
574
611
574
586
574
597
561
560
598
586
610
598
586
574
586
574
561
586
573
586
586
573
585
561
548
611
598
611
549
623
573
548
610
574
585
598
586
586
586
599
424
213
548
574
586
599
586
349
238
611
636
660
1319
